P2
100 100
255
87 118 110 89 41 91 150 151 107 112 123 135 132 106 106 81 80 88 109 138 138 159 131 88 90 156 83 72 78 111 118 83 80 112 126 90 129 147 115 115 98 172 124 91 103 163 173 156 171 135 117 107 108 195 213 210 193 183 123 118 121 98 104 180 208 202 209 200 209 213 208 213 214 200 212 218 221 209 149 132 206 206 202 193 151 123 153 108 54 76 111 99 119 204 196 170 192 194 166 172 
53 119 113 110 70 93 165 136 152 101 78 108 145 130 132 120 113 88 171 177 192 218 200 112 67 111 128 62 82 123 154 104 99 120 130 139 149 102 166 194 142 199 123 89 138 188 120 130 139 121 166 175 193 209 198 207 204 188 157 117 133 96 165 208 195 210 205 207 212 199 181 188 194 204 200 203 205 223 197 181 218 214 195 185 157 100 172 104 85 97 85 61 144 201 204 214 210 191 169 178 
97 128 141 137 127 112 161 112 154 152 120 116 170 162 122 110 135 158 192 207 208 202 193 141 106 67 98 132 111 97 123 133 97 73 171 215 146 131 203 154 173 136 83 115 174 142 97 131 139 197 226 210 185 195 216 211 210 203 151 128 115 151 196 204 177 208 218 222 197 168 140 169 196 195 190 199 196 207 221 218 211 207 189 194 143 136 137 108 167 141 157 178 183 190 194 193 206 186 166 187 
133 130 145 131 144 124 138 152 170 199 198 157 179 217 193 130 119 200 193 207 197 171 130 135 106 101 138 141 99 53 104 154 152 157 192 176 183 171 148 146 189 105 97 145 146 133 129 156 208 227 202 182 189 192 190 180 172 140 135 191 188 175 195 200 182 212 219 191 142 151 182 212 204 177 184 188 202 210 215 215 218 216 196 212 201 203 196 197 212 201 213 210 189 190 187 188 217 222 202 187 
155 123 85 119 106 126 107 173 173 209 217 218 215 212 224 197 186 220 223 216 192 156 129 135 154 185 207 191 169 152 184 211 188 194 205 161 195 173 0 169 167 124 118 105 110 110 162 219 218 200 189 201 207 197 169 207 200 173 191 209 210 205 223 209 205 211 198 201 200 205 215 190 166 187 197 187 222 219 211 217 220 221 203 205 216 214 211 215 197 189 196 198 192 205 201 203 211 192 195 200 
169 132 86 129 128 136 119 165 189 208 184 202 207 188 200 216 225 226 222 218 207 188 190 198 195 207 196 178 174 198 209 205 198 207 212 214 175 174 162 212 184 144 115 74 163 193 205 214 214 195 198 202 201 208 217 217 217 227 216 198 199 214 224 224 220 221 210 225 229 215 196 188 175 215 228 209 207 212 211 210 209 197 191 205 194 197 203 207 186 212 209 210 209 226 215 201 194 172 185 210 
87 171 163 137 166 157 162 159 203 194 157 152 172 156 175 200 215 223 223 213 202 208 217 204 183 187 187 181 193 207 217 217 224 215 206 213 211 196 222 210 201 162 127 147 212 221 211 219 215 207 200 210 216 216 214 210 208 209 197 181 194 211 207 208 208 195 206 215 217 218 210 215 203 218 220 207 192 200 211 194 187 171 188 197 196 191 198 207 217 225 218 215 214 216 204 200 177 193 192 170 
151 185 202 194 205 195 180 177 204 195 160 139 137 141 160 183 206 213 212 216 199 197 213 211 196 183 212 217 222 227 229 220 221 217 209 215 224 228 218 195 172 138 193 204 216 185 188 185 177 183 176 185 178 187 187 193 193 193 195 198 212 215 219 207 199 200 212 215 221 216 224 211 201 206 193 195 202 210 212 194 201 174 180 197 205 166 195 220 218 206 200 216 205 186 189 206 205 223 214 183 
193 208 208 213 196 194 201 170 208 196 159 149 119 117 134 176 217 203 195 214 214 208 213 213 193 202 230 231 230 228 222 215 216 219 214 217 213 220 195 174 187 215 225 198 179 154 155 125 159 175 183 180 175 207 221 214 205 207 212 214 203 207 215 202 199 216 218 227 202 196 208 188 192 197 203 193 197 203 199 203 212 197 197 204 217 173 193 225 202 197 214 221 222 220 211 214 218 216 230 229 
140 185 219 204 204 217 213 178 191 209 190 170 198 183 195 212 208 206 208 216 214 216 210 217 216 226 229 230 227 219 219 205 186 185 200 208 198 202 163 137 204 228 200 171 146 150 136 160 175 164 188 171 145 162 180 177 181 196 211 210 204 208 194 187 207 219 222 211 165 175 165 150 161 186 187 157 144 160 167 194 179 205 210 205 226 224 217 225 204 217 234 223 221 232 218 216 221 221 228 202 
205 204 205 200 221 210 215 211 197 207 217 214 196 216 219 220 208 217 212 206 203 198 204 219 225 227 227 225 220 201 199 197 172 166 168 171 165 194 168 134 185 198 163 134 144 136 150 185 159 155 176 178 150 153 162 145 150 132 143 185 181 182 217 228 216 195 195 177 132 159 145 197 193 152 156 162 175 172 214 216 203 226 208 200 221 216 206 218 216 211 210 211 215 228 221 220 229 226 216 192 
228 223 214 219 222 216 211 214 199 197 213 214 203 208 211 208 216 208 207 215 217 215 219 218 218 221 222 215 213 203 191 187 171 116 115 117 111 158 159 134 160 169 141 134 130 143 164 172 183 200 213 210 166 152 186 166 151 160 189 210 210 213 228 226 210 176 172 176 105 131 164 194 210 200 225 230 229 219 213 224 226 226 221 197 206 203 203 200 222 205 219 223 225 229 220 211 215 210 212 199 
199 218 218 215 204 209 228 230 228 209 216 201 216 214 205 204 208 213 218 215 221 224 215 209 216 218 219 210 184 184 182 135 131 119 108 93 100 119 148 139 137 154 126 127 126 161 162 170 194 211 215 197 174 211 220 197 199 210 227 223 220 218 218 211 204 201 210 209 177 141 155 171 218 235 232 226 224 212 194 217 224 230 226 201 218 233 208 203 223 199 230 229 223 224 216 215 208 202 203 155 
206 223 223 193 194 222 231 222 220 207 200 206 218 217 212 207 211 222 224 218 215 207 207 220 219 216 216 207 131 122 138 148 111 114 114 77 98 177 134 119 123 129 109 125 126 137 163 174 187 209 218 216 216 217 211 223 221 209 218 221 216 224 215 217 213 215 204 222 231 223 217 222 229 220 205 216 216 202 212 221 223 234 235 215 204 210 197 194 208 204 214 216 211 217 215 218 225 220 200 158 
219 195 194 183 214 212 214 205 212 220 199 218 218 216 219 225 224 211 194 200 219 196 207 221 217 221 216 187 137 116 132 139 113 98 112 98 91 176 144 81 118 106 106 127 112 128 161 158 178 189 189 189 191 196 200 220 221 203 207 218 221 224 208 220 224 225 210 207 216 216 222 209 212 183 184 195 211 220 219 216 227 219 233 215 205 202 210 207 197 205 207 213 209 217 225 227 211 204 198 213 
210 196 206 220 224 205 192 193 207 217 203 199 212 221 222 218 214 212 207 218 205 192 215 218 215 219 213 184 159 110 92 85 95 95 98 95 89 130 126 90 108 103 103 119 112 131 137 142 153 151 148 159 189 196 188 180 194 191 179 206 211 200 190 198 212 219 221 198 185 190 163 204 212 200 193 197 213 222 217 206 214 219 225 214 211 227 208 200 194 202 218 211 205 215 215 214 195 191 198 212 
209 219 216 220 208 196 210 210 214 223 226 205 218 219 211 215 221 217 219 206 178 213 221 219 211 218 220 185 121 87 86 68 71 77 84 93 98 100 102 92 88 80 95 123 131 112 125 177 206 194 164 163 193 187 184 200 210 190 185 178 198 198 180 174 192 205 209 195 153 172 188 230 222 228 223 202 193 216 226 207 214 233 218 209 212 225 208 201 208 198 218 217 210 211 209 187 187 192 201 222 
206 211 213 218 213 219 226 229 231 230 226 207 198 210 219 217 214 215 215 189 207 212 215 204 209 216 211 172 96 85 77 81 64 74 70 73 102 133 110 94 84 79 98 96 109 145 166 185 202 195 201 212 191 204 229 230 228 210 197 182 189 198 163 152 184 172 196 209 194 214 235 218 216 220 228 206 207 228 221 205 200 218 223 216 210 223 214 212 222 194 215 224 219 219 228 195 182 189 220 231 
196 207 224 219 218 229 229 224 214 212 212 209 199 222 225 217 217 220 200 195 211 214 213 213 219 218 193 128 102 86 54 76 69 68 69 59 104 144 108 88 99 80 89 108 132 144 151 170 193 175 201 206 184 195 214 221 204 196 203 169 173 204 197 198 202 207 218 227 208 206 215 199 212 210 212 203 224 220 196 186 184 186 221 217 191 224 203 199 211 195 205 224 212 211 221 216 195 198 219 221 
216 223 229 218 200 216 220 215 217 217 223 221 216 212 219 216 214 204 198 208 216 211 215 221 216 212 184 127 92 73 86 95 99 87 84 66 168 203 130 90 97 102 101 122 141 128 130 159 175 130 198 173 174 179 194 197 196 182 195 176 192 188 214 211 216 222 220 214 217 203 187 177 195 200 201 207 207 209 184 146 185 181 220 208 176 206 184 189 202 206 202 221 204 203 215 215 192 210 215 215 
207 214 221 211 203 212 212 217 223 223 212 215 213 193 212 218 214 202 204 216 218 215 215 216 216 209 155 128 102 92 87 82 97 112 109 107 177 219 155 93 96 97 105 111 126 119 132 155 166 186 184 130 155 168 179 172 181 180 175 147 172 185 192 182 205 192 211 212 200 188 170 166 179 219 213 178 201 193 179 185 199 196 201 202 162 188 196 201 200 207 204 217 200 218 225 219 197 217 219 226 
222 224 215 217 217 214 215 210 212 219 209 207 208 194 205 220 212 192 204 215 219 218 215 214 217 209 152 119 105 95 100 106 104 112 109 108 142 199 173 112 115 84 97 107 129 117 115 127 165 201 144 110 121 144 153 176 190 186 138 139 150 169 162 156 136 174 218 192 188 191 201 221 218 199 197 155 201 194 150 168 204 207 194 184 134 175 201 206 202 204 196 213 201 218 221 218 208 217 216 223 
206 221 220 213 208 201 198 192 192 209 218 211 197 212 211 221 207 187 212 220 219 215 218 215 209 183 135 113 112 104 92 94 91 92 97 93 111 170 167 129 117 107 93 113 152 126 107 103 129 144 126 112 114 104 109 141 153 159 146 134 128 160 144 135 144 190 175 182 220 226 205 184 178 107 142 204 218 211 209 211 217 212 196 202 185 205 225 208 204 207 190 206 201 208 217 220 218 210 219 216 
211 201 210 216 211 214 201 176 197 223 218 206 205 221 213 213 204 204 219 220 209 207 217 212 204 141 100 101 95 84 73 93 75 90 109 112 101 108 142 150 131 100 122 194 162 100 106 140 169 134 130 108 95 96 73 98 126 126 149 137 118 129 155 165 195 218 208 205 198 168 183 176 154 173 195 215 205 199 187 204 198 192 192 216 230 224 225 205 200 206 198 201 206 211 219 213 216 223 224 206 
215 214 210 205 214 216 217 220 225 221 203 203 218 215 212 206 217 215 210 216 198 209 224 220 207 145 89 85 89 98 90 111 103 108 95 88 103 108 121 193 141 120 174 187 165 103 91 190 159 131 118 115 109 109 81 77 113 124 117 108 122 133 168 221 213 194 161 112 105 149 217 199 197 201 196 214 209 202 164 125 145 180 198 203 226 224 215 196 199 207 208 199 207 213 208 204 219 225 223 222 
215 201 206 216 205 198 221 223 217 204 196 216 218 211 208 207 208 198 208 215 184 218 225 222 209 132 86 105 99 96 116 123 104 99 94 102 119 110 119 180 192 215 166 127 219 138 122 184 113 129 122 120 126 135 144 108 106 111 162 192 183 143 165 190 149 124 123 122 131 193 195 158 173 174 191 188 210 206 211 178 173 198 211 190 211 215 209 204 202 199 219 210 209 206 206 211 219 213 213 216 
218 207 188 204 213 217 213 207 212 217 222 224 217 215 206 204 193 185 202 208 167 221 224 220 218 166 88 102 124 128 124 119 117 111 109 105 134 111 112 170 223 179 127 127 217 204 201 151 106 121 117 99 155 179 130 113 143 183 206 184 150 127 129 162 176 106 102 157 208 209 130 121 145 184 186 194 206 195 215 220 228 221 218 194 195 206 223 222 202 199 217 213 209 212 205 201 214 217 204 201 
196 205 215 216 218 216 219 221 223 229 225 215 218 222 219 209 195 198 221 192 186 222 225 215 193 189 101 119 140 127 117 113 94 81 87 81 143 118 127 169 188 92 103 99 173 216 170 94 101 110 110 156 204 155 138 165 194 199 177 174 120 113 143 177 188 169 160 216 217 197 153 126 99 163 215 217 224 209 203 215 218 226 227 207 194 205 221 215 210 200 214 214 204 213 212 203 214 216 201 207 
222 210 197 205 222 221 218 226 222 223 218 216 210 220 227 217 208 190 206 212 213 219 225 218 158 122 148 115 83 90 141 148 110 180 150 132 182 217 222 194 160 175 205 182 113 182 172 137 159 176 175 214 226 227 226 212 201 221 228 230 212 207 218 223 229 230 225 215 211 211 213 177 158 186 205 203 204 220 208 221 227 228 227 226 225 215 221 217 214 194 212 223 203 207 199 209 205 196 199 216 
221 228 225 200 194 214 219 212 213 215 208 213 218 209 218 225 224 204 188 222 219 212 220 213 143 107 121 123 153 181 215 204 180 209 200 193 214 218 209 195 197 201 193 195 183 204 199 187 198 215 215 202 194 195 199 212 221 221 222 223 224 224 217 217 216 211 211 209 215 211 202 209 221 226 204 191 179 215 227 227 225 224 219 214 221 220 214 223 219 186 217 226 204 202 190 217 203 187 204 225 
221 219 221 224 202 204 209 210 210 218 207 210 212 213 207 215 221 223 195 190 217 217 217 211 133 83 89 116 109 180 212 137 113 105 153 188 215 209 153 110 87 86 87 94 177 214 108 123 201 209 195 184 178 191 199 215 222 216 211 218 224 220 214 207 206 206 209 219 225 229 226 217 229 235 235 232 229 228 226 212 204 206 208 212 211 216 215 224 222 187 217 222 199 213 217 215 208 206 223 224 
219 220 221 223 223 223 217 212 211 210 220 222 215 220 223 222 218 213 205 180 195 221 220 209 134 103 101 105 142 204 193 114 88 90 179 228 213 212 195 183 133 70 80 174 219 176 161 217 218 186 209 223 224 224 224 219 190 179 175 223 222 217 205 191 211 216 214 207 204 223 233 235 232 230 230 228 222 216 219 213 196 200 198 212 209 213 217 211 214 184 209 216 211 218 217 209 204 206 221 219 
222 225 225 222 223 222 223 224 225 218 208 223 226 216 213 222 218 202 202 184 190 208 222 214 149 84 79 182 218 188 153 124 112 90 173 218 209 212 224 230 213 135 172 215 212 216 225 224 223 223 223 216 209 203 172 151 139 196 216 218 210 202 202 207 209 201 202 215 222 229 229 228 225 224 223 218 211 216 226 222 222 221 210 197 199 200 208 204 203 171 191 207 212 216 217 218 214 208 210 218 
209 199 194 194 187 185 198 195 198 203 203 204 219 213 206 198 211 212 192 176 194 209 218 222 215 192 202 218 175 168 172 108 105 98 157 218 190 142 172 221 226 225 225 224 228 229 230 227 220 200 172 190 161 130 113 85 73 188 222 211 204 183 198 198 197 211 207 225 232 230 227 224 223 219 213 202 210 229 231 230 230 228 218 208 183 194 199 208 207 187 197 199 203 203 206 215 222 216 205 207 
197 201 198 200 192 182 170 158 170 198 206 178 185 213 193 188 197 213 194 165 169 201 204 215 221 225 228 225 204 195 178 96 92 111 188 209 191 141 174 158 183 221 223 218 216 218 224 226 225 197 131 129 133 83 98 119 185 214 212 212 209 183 190 184 206 218 204 223 231 223 218 219 216 201 196 200 211 221 224 227 227 225 212 214 210 190 199 202 218 224 226 220 211 200 198 212 221 221 222 204 
206 212 211 211 214 205 184 173 201 219 217 193 194 207 215 198 187 191 193 196 194 169 192 213 220 219 219 219 219 217 156 74 99 149 218 193 199 171 183 102 195 221 218 223 215 204 187 198 224 232 228 188 133 136 143 202 228 219 211 209 174 168 211 208 200 199 205 230 230 223 214 209 198 186 202 219 218 211 216 225 226 227 218 209 224 226 226 225 225 227 229 228 226 227 227 219 212 212 225 218 
205 210 209 202 187 175 181 171 180 188 195 208 217 203 214 224 219 203 197 190 199 185 179 216 220 217 222 220 215 215 196 186 171 199 224 212 197 201 160 188 231 220 213 217 226 213 143 161 226 224 227 227 214 226 226 224 218 210 209 214 207 201 208 202 186 199 230 232 230 225 218 209 204 184 218 232 230 225 223 224 223 225 229 227 217 223 229 230 230 230 230 228 224 216 211 217 217 191 208 224 
203 208 192 173 176 178 166 161 145 149 170 159 185 205 224 229 227 227 210 196 188 185 208 222 218 209 213 206 209 222 229 228 228 226 224 209 219 216 219 233 228 219 206 208 220 229 177 107 159 184 212 224 228 224 217 209 205 203 197 186 197 201 192 206 208 223 233 229 228 224 219 213 214 206 219 217 218 218 222 228 223 212 217 224 226 228 230 229 227 226 227 225 221 209 202 206 192 175 172 211 
208 188 173 180 198 190 178 180 170 179 206 202 190 222 227 224 223 220 220 219 218 212 208 222 229 230 221 207 227 227 220 216 217 217 215 201 207 212 224 225 225 223 214 218 212 214 213 188 173 192 218 225 219 213 218 216 197 204 200 180 181 210 199 224 225 231 229 226 223 221 222 220 198 177 207 216 203 192 216 224 222 209 197 220 225 228 226 222 221 224 225 220 222 220 205 182 161 159 160 181 
198 170 179 184 190 213 215 215 221 218 220 215 210 212 211 204 184 195 215 224 229 232 232 220 220 230 233 236 231 225 219 221 225 226 221 202 197 204 211 216 219 222 223 218 221 222 223 229 228 224 217 213 211 199 211 222 214 206 202 215 213 204 207 210 222 227 226 224 221 226 223 216 206 174 184 214 187 202 222 221 220 218 212 213 218 222 219 190 216 227 226 220 222 223 215 181 149 151 198 198 
162 164 178 197 216 225 221 212 213 215 209 213 202 207 215 212 209 223 227 227 227 228 226 225 212 215 227 230 227 227 228 228 224 223 225 224 222 213 205 206 213 218 225 226 224 222 219 219 219 217 219 218 204 208 215 212 226 230 220 213 205 198 191 187 217 226 224 213 213 225 220 213 217 206 201 214 207 222 217 211 217 219 202 186 202 212 227 205 215 228 226 220 221 225 218 171 153 199 218 211 
190 203 221 225 217 206 208 205 200 192 172 166 195 217 226 227 228 223 221 221 227 230 228 226 219 212 217 227 222 217 222 221 211 204 208 215 222 225 208 208 212 210 224 223 215 209 213 220 219 224 221 211 217 227 225 217 220 224 222 206 209 215 200 177 206 227 204 186 205 221 219 205 203 201 182 183 188 212 215 216 225 219 192 145 155 206 227 222 224 226 225 219 221 219 227 205 187 215 221 211 
225 224 215 211 201 189 173 163 154 155 151 195 222 226 220 215 219 215 224 227 230 231 228 223 216 203 197 204 203 200 211 216 196 191 214 218 218 220 222 226 226 222 217 212 208 211 217 220 219 226 223 221 232 230 228 227 214 215 219 207 203 204 180 201 212 208 200 193 205 219 214 195 189 185 176 186 196 214 200 212 229 213 200 195 158 195 222 218 225 229 227 222 221 216 217 226 196 203 223 219 
210 203 194 175 154 128 121 159 162 175 217 226 220 211 207 217 228 229 230 231 231 228 225 220 214 214 211 190 186 171 175 189 177 194 208 214 217 217 222 223 226 213 203 210 207 208 218 218 215 213 220 224 224 227 225 225 224 211 210 221 223 219 221 221 206 210 217 212 210 221 212 189 180 165 168 184 195 219 185 193 228 185 146 174 202 208 220 222 225 227 227 223 223 222 211 218 185 184 218 219 
185 187 159 121 119 114 119 144 166 210 225 216 214 210 216 222 228 229 231 232 228 219 223 227 229 232 233 233 229 199 171 153 125 154 181 191 204 215 214 205 209 216 210 211 211 213 219 221 216 209 211 213 223 226 227 227 225 209 213 228 228 224 215 212 207 212 222 213 215 220 221 205 185 176 158 170 203 223 194 196 212 200 142 143 177 198 219 224 222 226 225 225 222 216 212 200 222 198 218 226 
143 139 105 103 135 159 188 206 224 228 225 220 226 222 216 222 229 229 228 227 213 188 202 226 231 234 233 234 233 228 223 204 180 158 153 185 217 209 204 212 212 210 213 208 209 211 217 223 215 223 223 206 213 226 226 225 213 207 230 234 224 221 224 214 206 219 218 215 217 222 226 205 205 204 176 178 201 218 206 195 207 215 166 91 69 159 223 225 226 227 226 223 219 199 197 215 225 227 224 222 
129 84 115 180 212 218 225 227 224 220 217 213 224 226 224 228 229 228 226 212 216 220 220 230 232 233 233 233 230 225 217 224 229 217 197 211 220 221 219 215 212 208 204 200 195 199 221 219 217 222 222 222 211 225 226 220 205 219 231 223 222 230 229 228 230 226 222 221 208 212 226 218 195 192 189 177 205 209 182 207 221 202 120 77 100 166 223 225 227 228 225 221 214 178 137 199 217 222 223 221 
137 183 210 220 217 215 208 202 200 192 176 190 227 230 230 231 231 230 215 201 228 232 229 225 228 231 231 231 228 220 211 218 221 224 226 221 222 225 225 222 220 220 219 218 211 215 222 215 215 214 213 220 218 222 231 230 225 232 231 227 230 231 232 233 233 230 228 219 201 209 220 215 205 174 177 192 218 207 150 199 229 164 77 159 183 194 216 227 229 229 227 223 215 153 121 192 197 219 225 222 
198 221 215 211 201 182 200 207 206 202 192 219 232 230 232 231 230 221 215 226 231 225 218 216 222 226 228 229 222 212 215 224 229 230 228 224 226 228 227 226 228 228 227 226 226 226 220 212 195 203 193 189 209 217 227 230 234 234 234 234 232 233 232 229 227 227 226 215 203 200 200 196 216 212 213 213 222 214 163 162 215 152 162 170 142 152 219 229 228 227 227 221 206 152 196 214 190 210 224 222 
213 205 206 207 200 211 223 221 213 208 220 231 231 231 231 230 219 215 227 229 227 224 198 182 214 228 224 221 207 210 227 231 231 230 230 230 231 231 230 228 229 230 227 224 225 219 217 187 134 172 152 156 204 214 211 223 231 233 234 232 231 232 230 226 224 223 219 217 221 208 193 196 205 214 216 217 223 198 166 184 193 163 158 149 133 198 230 229 229 227 224 222 179 150 212 216 210 204 209 219 
207 206 204 205 214 225 223 221 215 221 230 229 228 226 226 227 217 219 227 225 219 220 198 198 225 229 223 214 187 206 228 229 228 230 231 229 226 226 228 230 229 227 223 225 224 217 218 205 194 142 138 200 216 207 193 213 226 229 229 229 230 230 228 221 219 221 219 219 222 226 223 216 201 185 193 211 223 201 196 211 214 205 190 182 188 228 229 230 228 227 224 223 167 112 181 211 216 200 196 212 
201 214 216 215 219 222 218 221 224 228 226 227 224 221 228 229 227 223 220 215 194 212 221 217 224 226 222 209 186 213 223 227 228 227 228 227 223 221 223 227 230 229 227 223 219 214 212 212 207 163 197 210 210 193 205 213 212 214 219 225 230 231 229 224 221 222 222 219 222 225 224 226 217 193 188 217 217 198 194 185 204 214 200 171 176 219 229 229 227 224 220 219 189 104 171 208 218 213 200 197 
210 217 221 222 218 212 217 224 227 228 227 227 217 222 227 223 221 219 209 160 82 147 187 213 228 222 216 207 208 222 218 222 226 226 225 227 227 224 222 223 228 226 222 219 208 199 200 192 176 190 207 210 217 214 217 215 205 198 216 225 231 233 233 232 229 223 223 224 224 224 226 228 224 204 212 227 214 196 193 205 201 206 191 198 191 217 230 228 228 225 203 195 189 183 152 186 218 221 211 196 
220 216 215 214 208 212 224 225 227 227 228 222 221 229 223 217 218 201 184 171 155 165 204 230 229 216 201 217 226 227 222 212 216 225 226 224 226 228 229 228 227 222 216 215 213 208 181 167 194 212 216 220 224 218 214 216 195 176 198 222 231 231 230 228 227 224 222 224 225 223 226 224 220 216 220 224 204 215 208 205 222 222 211 214 222 228 228 227 228 226 208 199 163 199 193 204 222 225 222 213 
210 212 212 207 207 219 226 227 222 223 227 227 227 222 222 218 179 135 153 199 220 227 226 229 230 212 196 217 224 224 220 202 176 211 227 228 230 232 232 230 227 217 213 204 215 218 213 217 226 224 223 219 214 215 221 214 189 174 163 211 235 232 228 229 227 225 225 221 214 218 219 220 201 191 223 219 209 225 214 201 222 220 218 224 227 227 228 227 228 222 206 216 174 204 223 224 225 226 223 222 
213 214 198 198 218 224 224 221 219 229 231 228 225 222 208 158 68 133 210 227 226 223 224 230 227 202 183 219 223 220 220 213 149 135 201 227 227 228 228 223 217 206 193 181 196 214 227 225 223 226 222 218 219 225 219 203 196 188 195 230 230 230 229 227 221 222 223 221 208 208 216 221 189 191 227 211 210 218 220 173 199 220 227 227 224 225 228 229 230 222 156 197 193 201 219 223 226 226 223 216 
221 206 190 211 224 218 219 219 227 229 229 225 218 191 119 97 83 183 226 222 219 222 228 232 227 190 196 224 216 215 215 209 215 173 124 187 222 223 224 214 208 210 205 204 217 225 225 225 227 228 228 228 227 216 210 208 191 170 214 231 226 226 224 224 219 219 221 224 221 216 212 219 195 208 223 190 175 198 200 160 189 217 224 223 221 225 229 230 230 222 180 199 215 205 213 222 225 222 219 217 
205 190 213 227 221 217 222 226 228 227 225 218 181 100 137 156 179 210 224 218 206 219 232 230 223 204 215 222 220 209 179 194 217 221 177 114 185 217 212 215 220 224 225 225 226 222 222 222 222 226 228 226 217 209 205 190 177 208 232 225 224 221 219 223 217 215 219 220 218 213 206 211 201 210 215 156 70 124 139 187 194 203 220 219 219 226 228 227 228 219 202 204 219 214 222 228 229 229 228 229 
187 211 227 224 224 224 220 227 229 229 225 193 154 181 199 201 218 225 225 213 218 230 229 228 216 205 200 214 223 203 123 198 219 221 216 201 206 216 218 226 228 229 225 225 225 227 225 221 224 227 228 219 211 207 180 143 196 235 228 213 207 213 215 217 211 213 215 207 211 220 206 155 164 212 216 139 62 152 182 201 200 204 212 214 219 221 226 227 228 215 208 211 227 226 228 230 231 231 230 229 
225 230 229 228 227 221 216 228 230 225 212 198 207 207 209 220 225 227 222 186 203 229 224 219 198 209 198 191 207 185 171 219 223 222 215 216 220 222 225 227 229 229 228 228 230 231 229 230 231 228 218 211 210 180 148 184 226 230 229 217 209 181 187 217 183 190 195 211 221 222 211 165 173 225 179 127 182 206 209 207 207 197 204 224 224 224 227 225 227 212 205 218 223 226 226 229 230 230 229 229 
230 228 229 227 221 215 218 226 226 217 207 208 216 219 208 209 227 227 207 140 186 229 224 177 183 212 212 219 217 210 211 216 221 229 221 216 216 222 222 226 227 227 228 231 232 231 232 232 229 221 206 212 211 168 146 213 224 229 228 228 224 164 179 203 135 137 203 226 222 220 219 199 182 222 137 141 197 190 189 191 199 209 227 229 223 226 227 220 225 222 220 224 214 218 222 227 228 230 230 230 
229 227 227 224 216 206 214 227 222 215 212 210 216 215 207 219 227 224 182 189 219 222 216 116 157 213 219 228 229 229 230 225 219 217 212 221 229 228 227 224 226 226 225 227 227 230 231 230 223 209 190 169 175 174 206 227 227 228 226 224 225 183 191 208 187 198 223 221 220 218 219 208 202 211 126 181 162 117 141 172 215 232 231 226 224 225 226 219 227 221 216 224 211 212 223 227 228 228 227 228 
226 225 222 216 212 212 223 229 221 218 221 220 195 191 222 231 227 198 175 218 224 224 200 127 165 216 219 220 214 212 212 213 204 203 190 210 224 227 226 224 220 211 215 210 219 229 229 225 216 209 171 126 141 206 227 230 227 219 221 223 228 212 206 218 222 225 221 218 215 216 213 204 222 216 163 195 140 162 209 223 231 231 229 228 220 221 226 216 224 220 208 226 225 226 230 229 228 228 227 228 
224 221 221 225 228 230 230 230 224 224 229 226 199 204 231 230 228 207 204 222 226 221 202 188 207 211 204 203 182 183 183 184 179 203 207 202 214 225 225 225 198 164 204 218 224 226 223 215 217 211 162 184 215 222 225 225 215 208 216 223 223 222 220 219 222 222 224 222 216 218 212 207 223 215 194 199 191 223 235 228 225 225 226 226 221 215 222 211 219 224 218 228 230 228 227 225 224 227 230 228 
224 221 226 230 231 230 230 229 224 227 229 229 229 231 231 230 224 223 221 220 228 217 208 195 200 205 194 188 165 142 149 148 172 167 185 214 204 214 220 207 159 204 223 228 226 221 215 214 210 214 216 224 209 209 224 222 213 205 215 225 227 219 215 221 222 223 220 213 216 220 216 220 223 191 156 195 224 227 223 222 220 219 222 224 226 219 220 197 212 225 225 227 227 230 227 224 224 224 225 224 
223 226 228 229 228 228 227 226 226 225 224 228 232 231 231 228 223 222 223 227 224 209 211 211 211 182 168 154 140 142 138 130 115 99 97 156 173 190 213 199 192 224 220 225 226 219 211 204 199 219 228 218 194 207 223 207 201 196 204 222 212 207 216 223 224 222 215 211 217 213 185 206 224 167 169 221 227 221 218 215 217 224 223 227 231 225 227 194 211 230 225 228 232 232 230 218 217 223 219 220 
224 219 225 229 228 225 226 228 223 220 223 226 227 229 228 226 226 228 230 228 218 213 210 211 181 129 126 128 124 113 130 145 160 143 85 103 122 165 206 221 227 224 221 224 221 208 212 221 227 232 232 221 216 228 218 198 184 155 195 211 184 206 217 224 224 221 220 220 216 206 156 179 219 196 215 222 217 214 220 222 225 227 226 230 232 232 230 221 223 223 228 231 232 231 230 219 197 208 216 222 
221 221 226 230 230 229 228 227 219 215 221 222 225 228 230 232 232 233 231 227 219 219 208 205 170 133 117 113 129 154 133 127 188 190 106 96 103 100 153 215 222 222 225 225 222 220 230 231 222 226 231 220 220 225 221 219 202 170 175 198 215 221 219 221 221 218 220 217 211 208 198 210 207 169 204 207 191 187 218 227 227 223 225 230 229 227 226 227 224 216 225 228 227 228 230 226 179 170 211 221 
195 220 224 224 225 227 224 221 220 220 224 225 227 227 228 228 230 231 230 225 219 216 212 210 210 211 192 166 190 186 111 53 123 132 88 78 102 70 115 206 218 216 226 227 227 227 221 223 220 215 225 225 226 224 220 221 222 207 138 176 221 223 222 221 216 208 186 210 213 202 205 224 168 137 207 212 192 190 221 232 229 227 228 226 223 222 223 225 220 218 219 221 223 221 216 216 218 209 206 219 
194 223 219 218 218 223 222 216 216 213 217 219 224 227 228 228 229 229 227 224 217 209 206 209 217 217 215 205 200 173 117 116 99 76 19 130 120 102 200 214 212 216 222 227 225 217 203 206 215 213 220 226 223 213 197 198 205 209 155 152 209 219 216 218 215 200 153 211 222 199 190 200 177 201 228 229 231 232 232 232 232 231 229 226 223 219 216 219 223 220 214 202 210 212 173 155 200 221 221 225 
216 222 215 209 208 210 225 220 210 204 214 221 225 225 224 225 226 228 225 221 207 206 211 204 201 183 190 190 196 172 147 193 168 78 126 180 100 166 228 223 226 230 226 218 205 197 198 200 207 206 211 221 214 208 190 125 172 191 159 160 197 213 210 213 201 169 199 224 225 193 142 188 205 232 230 232 235 234 233 232 231 229 226 223 220 219 222 231 235 225 226 206 191 220 172 143 177 217 226 227 
223 219 209 210 186 154 199 219 219 193 218 226 226 224 223 224 223 223 224 220 207 196 198 204 191 166 198 204 196 175 125 159 166 0 131 148 93 204 229 231 232 232 230 215 195 188 194 217 221 215 204 203 202 204 198 176 198 213 214 217 194 198 202 205 175 173 216 223 224 225 213 212 222 232 234 234 234 234 233 232 231 229 228 226 227 232 234 233 231 218 223 229 230 232 225 206 211 219 226 225 
218 211 201 214 167 149 161 171 213 199 222 225 223 222 220 221 218 221 219 210 211 192 161 176 165 161 166 183 195 151 82 102 180 170 173 201 215 228 231 230 231 233 233 231 228 222 227 233 227 215 204 179 204 210 207 182 161 209 216 216 222 222 220 212 194 215 228 227 228 227 227 226 231 233 234 232 232 232 231 229 230 231 233 231 227 226 227 228 227 222 221 225 228 230 233 234 231 225 220 222 
218 195 170 210 198 213 208 173 212 215 220 220 222 223 218 217 213 213 215 210 201 174 166 129 106 67 63 170 210 181 167 209 231 236 234 233 229 225 226 228 232 233 233 234 234 231 233 231 216 186 184 210 223 227 221 204 171 167 204 215 227 227 225 211 176 214 229 229 227 224 219 220 228 229 230 229 229 226 224 226 228 228 228 227 222 218 215 219 224 223 218 216 220 225 229 229 228 229 218 219 
214 188 151 193 224 227 216 202 214 213 216 221 220 217 211 209 216 209 206 204 156 187 195 136 92 69 79 155 192 215 234 235 228 224 223 220 212 209 215 220 229 233 233 234 235 221 211 219 221 206 199 207 225 228 224 219 223 217 224 226 227 229 222 189 152 211 229 230 229 227 219 218 222 221 224 224 222 221 215 211 220 222 224 222 216 199 183 184 210 214 207 204 219 228 228 226 226 228 227 226 
210 207 195 207 221 219 214 202 216 218 215 215 213 202 203 202 200 200 196 197 187 187 164 134 114 80 27 98 162 212 225 226 223 224 226 212 211 222 229 232 231 231 231 231 231 225 210 182 195 188 185 193 218 211 212 216 220 224 225 221 226 231 224 196 205 230 231 230 227 227 227 217 212 204 204 217 214 213 202 188 218 224 220 216 215 198 166 163 200 199 176 214 230 230 228 227 226 223 226 227 
190 194 207 219 219 208 207 197 201 210 212 210 213 209 210 205 198 186 189 202 216 198 185 196 138 126 156 90 119 187 219 221 222 218 226 231 235 236 235 231 229 224 218 223 225 218 216 204 214 212 204 211 228 220 209 207 212 220 220 217 226 230 226 228 231 230 229 227 223 224 223 220 211 201 190 219 214 179 165 196 218 217 209 208 218 190 166 211 203 163 185 225 229 227 226 227 222 215 215 221 
146 175 222 218 212 195 186 200 198 202 197 189 199 197 216 218 215 166 146 193 220 200 193 197 151 157 213 185 98 157 216 206 228 230 232 234 232 232 230 227 225 216 210 214 217 220 218 219 230 232 232 232 231 232 230 190 190 217 212 213 223 228 231 230 227 225 223 222 224 219 219 220 207 214 226 230 226 193 199 221 209 184 171 209 216 153 165 222 195 139 205 225 222 224 218 219 221 216 201 207 
162 201 221 196 188 170 166 209 190 206 185 181 199 200 214 211 201 202 194 209 219 217 214 211 207 193 201 204 185 211 210 208 229 232 230 229 229 226 221 220 222 212 204 210 218 224 220 228 232 230 228 227 222 218 227 216 140 179 200 194 214 226 229 225 220 218 217 216 205 195 207 218 220 217 228 226 222 222 221 204 169 123 132 216 218 150 89 188 199 211 221 215 217 214 206 214 217 217 205 202 
210 217 210 191 192 166 192 207 171 166 187 208 212 214 208 197 183 211 223 219 221 221 226 227 225 227 224 218 213 212 207 210 228 228 224 219 219 216 210 202 216 210 169 201 221 225 228 229 230 226 224 224 200 188 218 219 174 170 194 211 227 230 230 229 219 194 187 199 149 113 143 204 231 219 219 219 214 204 192 190 149 130 176 216 189 102 86 180 226 222 217 200 189 202 215 216 212 210 209 221 
183 222 205 200 197 170 194 203 164 171 166 206 219 214 179 148 149 178 211 199 214 217 216 219 225 227 225 223 210 203 212 214 226 227 217 212 212 211 208 192 185 208 166 202 226 227 225 222 229 218 211 210 175 160 207 219 228 216 199 234 233 234 233 232 228 201 154 201 189 182 207 227 231 228 221 200 187 176 173 175 133 158 187 212 176 123 157 204 223 219 205 165 117 198 220 213 215 222 227 229 
182 223 200 178 162 131 167 217 192 150 169 213 219 219 201 113 56 155 211 182 198 206 192 209 222 220 221 222 216 219 216 218 222 215 192 183 187 186 194 187 136 203 222 225 222 221 215 211 230 207 196 197 174 153 201 212 214 223 190 211 226 231 231 231 228 219 217 223 230 237 236 231 229 228 220 205 176 156 107 133 143 183 172 180 191 194 182 216 218 203 192 176 138 209 221 216 222 226 228 227 
195 217 204 183 156 145 211 224 212 176 210 225 225 225 220 186 107 118 198 169 173 163 185 219 227 228 227 227 226 220 219 221 210 194 155 160 164 143 152 135 152 210 208 214 215 215 212 203 226 219 192 185 162 150 190 216 225 219 192 182 222 232 231 231 232 231 231 234 235 234 233 231 231 231 225 225 221 207 161 177 192 180 186 218 227 224 221 218 214 195 184 194 217 224 224 227 228 227 225 227 
202 191 202 193 194 200 225 226 227 232 232 230 229 226 223 222 187 102 178 156 116 138 227 230 230 230 229 226 220 214 215 215 212 203 176 156 135 110 176 176 200 190 154 193 214 226 224 218 226 227 224 226 220 213 226 235 228 214 204 176 219 230 228 224 226 227 233 234 234 233 234 234 234 231 225 224 221 217 214 206 200 209 228 228 225 223 224 220 208 153 159 207 228 226 228 228 226 223 225 228 
193 177 174 183 204 222 227 227 228 227 226 226 224 225 224 221 206 161 191 159 142 219 231 227 227 230 229 226 223 219 217 216 214 195 176 142 134 176 221 231 220 208 170 178 217 228 227 225 225 223 225 229 231 230 230 231 218 194 187 204 227 222 220 225 228 230 233 234 234 234 234 234 234 230 223 223 224 224 220 219 227 228 224 221 219 217 216 213 165 112 199 228 229 226 227 229 227 227 227 225 
205 212 197 212 227 229 225 223 224 219 217 221 219 220 220 218 211 145 181 201 213 233 230 225 220 221 224 221 219 221 217 215 209 173 186 201 210 232 231 225 221 223 221 217 215 221 229 229 225 217 219 222 222 220 226 226 225 209 211 228 228 217 221 232 233 233 234 233 234 234 234 234 234 232 226 221 221 227 229 229 224 220 217 215 215 211 211 195 141 197 227 227 227 227 229 229 230 227 222 219 
224 227 226 228 227 223 219 216 212 200 210 213 207 206 208 200 193 171 195 222 219 224 226 218 204 201 220 208 191 201 218 215 201 177 209 230 229 228 227 227 228 227 223 225 225 227 230 227 225 222 221 217 208 218 228 224 226 227 224 218 225 229 233 234 234 235 235 230 228 236 234 232 230 231 232 231 228 222 222 223 221 222 220 215 206 190 162 155 184 219 221 221 225 228 227 226 226 224 221 219 
228 228 229 228 225 222 222 219 189 181 180 187 220 205 156 139 145 172 207 212 215 212 227 223 204 184 200 190 178 205 219 217 213 223 228 229 231 228 229 229 229 225 225 227 230 232 228 222 221 221 218 216 177 215 227 215 222 215 213 221 232 234 234 234 234 234 234 227 219 230 234 232 232 233 233 232 230 228 222 221 220 224 222 221 204 126 65 177 204 217 218 221 225 222 221 223 221 219 216 222 
226 225 226 224 222 221 220 218 160 107 159 204 226 226 209 133 64 153 192 208 227 224 227 231 231 225 212 209 224 229 225 229 233 235 227 226 228 227 228 227 227 226 226 228 231 230 228 220 216 212 196 187 184 223 219 199 211 224 230 234 234 234 234 234 231 230 227 225 218 218 229 231 232 232 232 231 231 230 228 225 216 218 218 216 217 174 151 200 213 226 225 224 220 215 212 216 216 214 218 220 
219 217 220 211 199 215 206 200 185 189 220 229 219 209 224 195 119 187 227 226 229 226 225 231 231 224 215 227 230 228 226 229 232 230 228 225 225 226 225 222 221 219 220 224 231 233 230 221 193 169 133 101 171 226 202 180 206 225 229 232 230 232 233 230 223 219 227 226 223 214 221 229 231 232 232 232 232 230 227 221 212 217 215 213 201 174 187 204 228 228 225 220 206 198 213 214 216 195 204 217 
214 210 217 204 172 197 202 206 208 226 226 221 215 192 207 177 145 192 221 224 227 228 230 231 229 225 219 221 226 227 227 230 231 228 225 225 223 222 217 211 211 209 209 223 228 230 232 225 164 156 194 189 203 211 196 207 228 233 234 232 223 232 230 224 215 202 215 230 226 222 224 230 232 230 227 230 230 229 226 219 220 222 216 207 193 162 156 211 228 225 221 202 155 179 215 208 203 187 185 210 
219 190 195 190 173 190 203 206 197 196 217 213 204 201 195 201 216 225 224 226 229 229 227 224 226 225 226 225 226 229 228 231 231 230 227 223 216 207 201 187 170 168 201 223 214 226 233 226 214 226 233 234 232 227 233 238 236 235 233 231 228 233 230 226 221 207 221 231 228 224 227 227 226 225 226 227 229 228 226 218 216 220 215 197 177 84 99 218 227 223 212 194 185 186 195 204 177 176 181 207 
226 211 155 116 144 180 192 183 206 199 197 208 212 227 230 232 230 227 228 228 228 226 220 213 221 225 226 225 223 226 226 228 229 228 222 220 201 187 193 179 120 120 152 199 211 226 232 218 217 228 227 230 233 233 233 234 233 231 230 231 233 233 232 233 233 233 231 228 224 220 222 222 222 221 226 226 225 225 224 217 216 221 222 201 152 140 191 222 221 217 211 209 201 178 137 140 174 172 170 198 
216 224 163 139 153 131 139 186 194 212 211 223 228 228 228 226 228 229 229 229 228 226 225 208 212 227 229 228 225 221 226 227 230 230 226 224 209 218 222 218 214 220 214 211 224 224 226 208 219 227 214 221 234 231 231 231 228 224 224 226 230 231 232 231 233 232 231 226 219 218 216 216 208 217 221 220 219 220 224 224 223 222 225 224 220 228 226 220 215 212 207 205 194 132 55 124 186 170 182 199 
192 218 215 211 166 130 180 214 211 217 194 206 225 224 225 226 228 223 226 230 226 224 221 213 222 219 220 227 227 225 225 229 230 231 229 225 222 220 216 226 232 233 234 226 206 216 222 228 228 223 215 213 213 226 229 228 223 218 216 209 221 225 225 229 232 232 229 226 217 217 211 207 201 211 218 216 214 215 216 219 216 213 220 224 225 222 219 217 211 202 186 154 123 90 80 146 186 146 179 201 
171 193 217 222 218 218 220 219 220 218 212 217 221 218 219 224 228 216 217 229 229 228 221 221 223 206 218 223 224 227 228 229 229 227 226 219 212 214 227 230 231 231 229 229 214 197 225 229 226 217 221 229 220 224 224 222 216 207 215 195 200 218 217 227 230 230 228 221 218 217 214 207 213 214 211 210 212 213 212 212 210 200 210 218 222 221 211 195 187 156 118 76 43 43 51 149 178 82 115 195 
133 167 187 213 219 225 222 217 214 212 210 197 187 204 215 226 226 215 216 225 225 228 227 226 210 211 218 218 222 228 227 222 217 213 218 215 195 209 229 230 231 229 226 222 216 218 228 227 223 209 222 227 227 225 221 216 201 183 218 208 180 204 218 220 222 226 227 222 212 206 212 210 215 211 208 197 205 208 203 203 196 166 197 214 215 213 202 171 160 145 175 164 110 99 16 136 137 0 146 221 
151 150 159 172 185 200 218 213 208 209 203 208 188 207 227 228 226 215 212 222 224 222 218 220 201 218 216 202 211 218 217 212 204 200 198 188 127 201 227 227 227 224 219 217 218 222 224 227 221 215 224 224 225 226 224 211 184 196 218 217 211 185 200 210 216 219 218 215 205 210 211 201 199 210 205 204 211 197 176 186 144 157 207 205 204 217 226 223 222 216 221 221 215 212 177 188 191 175 216 225 
186 181 179 192 211 215 225 222 224 227 228 235 236 235 233 232 230 222 217 223 223 219 217 214 202 226 224 205 205 212 208 195 195 171 128 106 96 203 221 226 225 218 214 218 226 226 228 227 226 226 218 218 221 225 226 221 210 219 212 211 210 202 204 202 206 210 202 198 197 209 208 197 172 192 198 188 192 176 151 145 181 207 206 190 210 225 227 227 221 219 215 214 215 217 227 228 229 230 225 221 
214 218 223 230 228 228 228 228 228 227 227 227 228 228 226 225 220 218 215 211 209 207 204 205 208 221 218 211 201 197 185 156 149 121 48 55 100 182 198 220 225 206 203 223 228 227 225 224 222 217 206 202 205 224 227 225 220 210 200 193 180 167 170 171 172 173 172 178 176 187 196 195 172 160 168 149 133 174 95 77 150 188 191 192 213 216 220 222 215 203 194 209 211 214 220 220 219 219 218 215 
